1563 4
0.357821 0.903513 0.464878 0.590192 
0.061924 0.931031 0.298103 0.923429 
0.825168 0.824185 0.039111 0.508752 
0.346408 0.528162 0.892126 0.518053 
0.404435 0.106376 0.868696 0.786118 
0.643392 0.362818 0.825067 0.483720 
0.021192 0.919584 0.320989 0.818896 
0.404524 0.535225 0.396400 0.888451 
0.640043 0.364590 0.642718 0.562867 
0.173807 0.764346 0.455550 0.759277 
1.000000 0.405719 0.164867 0.461037 
0.290768 0.733114 0.451839 0.825525 
0.711244 0.241239 0.890291 0.484879 
0.656532 0.213093 0.523853 0.961035 
0.884159 0.324385 0.382836 0.597630 
0.721264 0.570576 0.669717 0.281315 
0.997762 0.637505 0.335879 0.042917 
0.176182 0.591717 0.715762 0.653942 
0.709900 0.447787 0.938603 0.124956 
0.955987 0.255086 0.341339 0.572019 
0.041164 0.489129 0.838984 0.818178 
0.857703 0.492383 0.941691 0.023271 
0.592554 0.230103 0.822906 0.570919 
0.890993 0.900028 0.426009 0.062854 
0.450255 0.819399 0.308118 0.763984 
0.748163 0.950868 0.376674 0.356580 
0.881171 0.327415 0.632581 0.506528 
0.238104 0.835340 0.423131 0.752210 
0.770316 0.934506 0.361652 0.404265 
0.778390 0.076400 0.407856 0.890691 
0.749885 0.665316 0.658656 0.164601 
0.653883 0.435437 0.337145 0.980680 
0.893527 0.641444 0.543032 0.269394 
0.645461 0.100288 0.838040 0.648354 
0.899832 0.564685 0.087027 0.580154 
0.923910 0.807567 0.247951 0.173550 
0.215447 0.911326 0.200921 0.843169 
0.052780 0.848348 0.472554 0.795541 
0.423353 0.494321 0.308817 0.999355 
0.357313 0.366574 0.952379 0.588497 
0.441017 0.865869 0.661729 0.209220 
0.575033 0.176597 0.712685 0.817598 
0.363688 0.825243 0.833976 0.354126 
0.936646 0.501353 0.494804 0.240208 
0.311752 0.101012 0.969088 0.796118 
0.341690 0.864608 0.640214 0.517842 
0.494353 0.561072 0.448894 0.794297 
0.169281 0.605140 0.562576 0.830515 
0.703851 0.284958 0.805284 0.329002 
0.424850 0.328252 0.986419 0.486922 
0.543760 0.986310 0.044729 0.566348 
0.840992 0.630249 0.130455 0.642068 
0.007098 0.700615 0.381063 0.985073 
0.093475 0.291770 0.925100 0.808880 
0.991960 0.575877 0.407033 0.303415 
0.985665 0.398734 0.139161 0.502432 
0.536622 0.533263 0.131925 0.961683 
0.234780 0.149726 0.999282 0.672103 
0.994157 0.543804 0.467974 0.130852 
0.147031 0.948420 0.986229 0.081054 
0.996501 0.077502 0.474274 0.587357 
0.444328 0.012191 0.991875 0.553657 
0.995271 0.298336 0.345195 0.363234 
0.933762 0.553217 0.588663 0.272305 
0.208100 0.921109 0.260694 0.842783 
0.524854 0.991027 0.318721 0.424752 
0.477407 0.661550 0.706987 0.611588 
0.877932 0.820812 0.006405 0.570152 
0.715217 0.626449 0.474273 0.386067 
0.306384 0.020261 0.995262 0.808205 
0.174565 0.603125 0.572389 0.836380 
0.077089 0.994023 0.153271 0.972565 
0.862582 0.153112 0.354930 0.829804 
0.805941 0.271455 0.241944 0.888445 
0.414637 0.178352 0.890901 0.740109 
0.526488 0.832724 0.338089 0.526584 
0.392638 0.436903 0.483519 0.874074 
0.244383 0.920329 0.439789 0.682481 
0.488750 0.606068 0.862486 0.133351 
0.098719 0.699493 0.512595 0.946048 
0.831020 0.178786 0.851543 0.355668 
0.745277 0.800212 0.508094 0.169745 
0.640407 0.451200 0.969957 0.131861 
0.966784 0.483511 0.012042 0.697872 
0.485343 0.237068 0.738720 0.839418 
0.473012 0.985428 0.002946 0.715095 
0.651037 0.904362 0.155389 0.445566 
0.329323 0.416656 0.996668 0.435316 
0.813551 0.437331 0.702924 0.412924 
0.497003 0.809859 0.292837 0.602376 
0.980244 0.017705 0.901008 0.265243 
0.884226 0.879585 0.007672 0.239397 
0.244543 0.734215 0.472358 0.931277 
0.042141 0.957075 0.443169 0.733914 
0.016170 0.520049 0.811940 0.826018 
0.767804 0.753033 0.039328 0.736790 
0.327916 0.162293 0.907599 0.952936 
0.668270 0.243009 0.430007 0.983967 
0.596896 0.364745 0.994847 0.196562 
0.971389 0.061610 0.286803 0.742421 
0.706004 0.543760 0.302338 0.742797 
0.512430 0.441927 0.448007 0.899116 
0.986393 0.148207 0.908691 0.166596 
0.623944 0.724444 0.420621 0.398328 
0.944790 0.171372 0.966486 0.031273 
0.583003 0.177518 0.965710 0.562087 
0.895381 0.396435 0.378979 0.699959 
0.875022 0.508902 0.598948 0.306583 
0.648637 0.594387 0.485292 0.412783 
0.941199 0.260382 0.489233 0.443742 
0.977383 0.135905 0.614288 0.622223 
0.605837 0.936191 0.463513 0.391890 
0.709498 0.668600 0.705015 0.039379 
0.888499 0.643374 0.062921 0.579732 
0.193934 0.481192 0.818458 0.722810 
0.765701 0.679654 0.607315 0.099143 
0.600165 0.684010 0.177650 0.865107 
0.424739 0.918215 0.726596 0.172826 
0.402302 0.695077 0.860058 0.383523 
0.653072 0.549345 0.782422 0.185599 
0.736290 0.247275 0.977580 0.077435 
0.266879 0.888050 0.838395 0.328310 
0.222648 0.934291 0.892498 0.054377 
0.696359 0.027080 0.557796 0.891442 
0.360029 0.451339 0.982793 0.412647 
0.142089 0.822232 0.625755 0.726441 
0.961251 0.193680 0.224995 0.775124 
0.612008 0.468855 0.708025 0.531610 
0.981682 0.283405 0.555683 0.349909 
0.381644 0.629163 0.624997 0.666936 
0.508238 0.753518 0.616077 0.348362 
0.651672 0.746781 0.561755 0.298124 
0.671415 0.697803 0.299364 0.565240 
0.935575 0.180010 0.754771 0.247149 
0.222074 0.694296 0.278651 0.969332 
0.722506 0.592875 0.629763 0.265897 
0.528445 0.768646 0.699577 0.191314 
0.517365 0.879535 0.844478 0.067339 
0.963002 0.489377 0.158809 0.532323 
0.386257 0.620652 0.539394 0.727130 
0.764808 0.162504 0.984732 0.200692 
0.818819 0.316886 0.562115 0.523439 
0.746689 0.623972 0.147049 0.756940 
0.840946 0.250028 0.481759 0.749764 
0.408666 0.275676 0.927549 0.752877 
0.825440 0.687489 0.156688 0.746685 
0.288456 0.517484 0.940373 0.596418 
0.120807 0.796862 0.872900 0.479146 
0.387934 0.640676 0.908053 0.190721 
0.809506 0.459198 0.197302 0.781614 
0.166581 0.989637 0.076315 0.815686 
0.945807 0.539038 0.099875 0.538078 
0.790632 0.571391 0.653838 0.193065 
0.619400 0.035416 0.716495 0.949473 
0.604966 0.291482 0.989288 0.328015 
0.806952 0.592062 0.623299 0.148089 
0.374180 0.276799 0.990790 0.692624 
0.884829 0.947858 0.356241 0.164545 
0.440431 0.980138 0.226365 0.545708 
0.448522 0.517596 0.404175 0.839274 
0.907342 0.339352 0.482043 0.440827 
0.048075 0.758858 0.365067 0.998127 
0.504708 0.528801 0.890759 0.116056 
0.664738 0.506739 0.836509 0.392912 
0.335142 0.469627 0.966067 0.470428 
0.006746 0.953951 0.312929 0.886517 
0.122028 0.741484 0.809735 0.592814 
0.691447 0.309382 0.991305 0.263507 
0.905996 0.248747 0.808816 0.330553 
0.542005 0.617897 0.598095 0.503634 
0.501717 0.681226 0.613496 0.365006 
0.747584 0.542140 0.677093 0.222743 
0.613052 0.989295 0.483064 0.011518 
0.530445 0.554810 0.556734 0.508610 
0.727231 0.608845 0.405945 0.653978 
0.751031 0.157592 0.834454 0.395163 
0.758748 0.643600 0.594153 0.358088 
0.868194 0.915360 0.371798 0.109392 
0.718759 0.071660 0.900550 0.533834 
0.466051 0.773451 0.241371 0.789604 
0.825686 0.669044 0.487681 0.286289 
0.696325 0.305883 0.693022 0.479376 
0.233317 0.734321 0.585888 0.753434 
0.693539 0.764404 0.362916 0.475408 
0.166687 0.548343 0.604914 0.935264 
0.198362 0.267806 0.810143 0.875124 
0.335374 0.346029 0.994572 0.292073 
0.829623 0.565613 0.685000 0.082612 
0.850138 0.920832 0.548572 0.140864 
0.901776 0.356251 0.057351 0.854214 
0.074675 0.524378 0.994929 0.372377 
0.211869 0.907466 0.455436 0.797924 
0.905326 0.415450 0.536341 0.489530 
0.564299 0.461451 0.750001 0.495611 
0.633727 0.537152 0.328180 0.747518 
0.623813 0.714525 0.358307 0.756285 
0.570991 0.278108 0.726990 0.745365 
0.992420 0.263508 0.005246 0.682825 
0.890476 0.940235 0.550755 0.074815 
0.662207 0.996953 0.233129 0.256805 
0.348385 0.962201 0.889251 0.268864 
0.800434 0.270213 0.443445 0.812670 
0.983447 0.212417 0.570638 0.371997 
0.188201 0.430316 0.614378 0.968137 
0.527168 0.522174 0.671966 0.510734 
0.728835 0.754211 0.167799 0.633778 
0.514011 0.809612 0.333751 0.562395 
0.491742 0.659868 0.253562 0.931233 
0.886380 0.252855 0.811554 0.532661 
0.983891 0.489728 0.501707 0.156113 
0.459596 0.421067 0.885427 0.396826 
0.508670 0.380981 0.589691 0.970641 
0.489417 0.996910 0.245335 0.423771 
0.485358 0.652707 0.235714 0.940841 
0.753983 0.191128 0.224860 0.942419 
0.061581 0.364926 0.668315 0.966864 
0.248734 0.275728 0.726829 0.822468 
0.753661 0.076951 0.924591 0.417428 
0.209742 0.832900 0.352955 0.816509 
0.946312 0.245343 0.778668 0.161647 
0.442691 0.380842 0.922868 0.393873 
0.478063 0.815080 0.762898 0.182847 
0.842498 0.209714 0.187933 0.927610 
0.474663 0.255299 0.957482 0.613865 
0.920259 0.167099 0.656325 0.546738 
0.814737 0.388392 0.886806 0.172388 
0.497203 0.517885 0.926062 0.215529 
0.495893 0.761754 0.260728 0.808045 
0.996165 0.365774 0.425232 0.207395 
0.234534 0.404117 0.963503 0.486326 
0.646981 0.450872 0.841837 0.346839 
0.604771 0.348080 0.766285 0.658031 
0.847188 0.478101 0.631400 0.206593 
0.514820 0.830220 0.476715 0.467903 
0.551020 0.740627 0.318264 0.896566 
0.780411 0.107462 0.883671 0.416012 
0.691258 0.171843 0.882811 0.599001 
0.737037 0.725409 0.304001 0.477909 
0.245271 0.980322 0.300287 0.711717 
0.246266 0.581195 0.446878 0.864072 
0.145486 0.122395 0.687673 0.990147 
0.922838 0.277269 0.427035 0.531068 
0.236977 0.181043 0.996768 0.529738 
0.857034 0.529091 0.574029 0.488426 
0.385781 0.584054 0.502894 0.810380 
0.719564 0.981989 0.496079 0.073200 
0.662921 0.179026 0.995390 0.076459 
0.268254 0.608772 0.611131 0.769851 
0.152164 0.737298 0.636892 0.826111 
0.524044 0.434105 0.697332 0.749219 
0.194685 0.990082 0.400923 0.488946 
0.600241 0.981337 0.266454 0.401452 
0.023574 0.817383 0.323955 0.975253 
0.286654 0.964689 0.031262 0.912490 
0.665555 0.492973 0.909569 0.261894 
0.622123 0.349798 0.939930 0.299726 
0.442919 0.783644 0.381563 0.745758 
0.328369 0.475591 0.627831 0.939818 
0.265664 0.843364 0.324433 0.753240 
0.924292 0.983672 0.059520 0.230552 
0.964507 0.154549 0.085263 0.941476 
0.934930 0.314690 0.815511 0.177286 
0.031327 0.951019 0.558198 0.571482 
0.545554 0.411910 0.785095 0.512139 
0.724029 0.281564 0.554548 0.678443 
0.379359 0.281050 0.874657 0.630845 
0.941716 0.683221 0.405899 0.175820 
0.306803 0.695459 0.679613 0.650358 
0.040152 0.296584 0.867091 0.930674 
0.987051 0.315728 0.257086 0.576971 
0.950469 0.258686 0.349637 0.564297 
0.714760 0.623062 0.415592 0.400823 
0.534648 0.993792 0.003944 0.490361 
0.952420 0.145567 0.860378 0.229522 
0.537469 0.544899 0.637355 0.497895 
0.010957 0.983562 0.399914 0.694778 
0.993246 0.121572 0.445177 0.317950 
0.427658 0.904678 0.714487 0.204351 
0.444058 0.626522 0.768859 0.605049 
0.990534 0.611852 0.139007 0.410039 
0.703609 0.669696 0.380403 0.485486 
0.155253 0.782220 0.524721 0.757371 
0.968085 0.689407 0.351244 0.337995 
0.408629 0.397580 0.942006 0.475990 
0.653021 0.507681 0.363905 0.772893 
0.069928 0.529128 0.753227 0.862517 
0.462544 0.958851 0.303293 0.502901 
0.610625 0.318644 0.574605 0.996842 
0.759290 0.643360 0.376728 0.646168 
0.821354 0.738032 0.398010 0.257632 
0.749231 0.599392 0.142178 0.831846 
0.159742 0.460168 0.379958 0.995784 
0.798520 0.621020 0.853855 0.064177 
0.640190 0.348552 0.881349 0.498109 
0.249296 0.492378 0.684101 0.772699 
0.965774 0.382076 0.448173 0.506937 
0.991463 0.383217 0.551875 0.195818 
0.963215 0.302723 0.131096 0.714929 
0.935587 0.704319 0.095330 0.492382 
0.394374 0.102200 0.930779 0.855876 
0.224583 0.746101 0.622692 0.580919 
0.980507 0.390608 0.151678 0.468351 
0.002038 0.598138 0.791104 0.872879 
0.643842 0.474560 0.204054 0.974253 
0.650747 0.024654 0.987997 0.481936 
0.705038 0.293288 0.654075 0.536151 
0.298592 0.740126 0.671590 0.664480 
0.473134 0.067790 0.847086 0.976492 
0.433002 0.825061 0.675406 0.288642 
0.952652 0.140303 0.372552 0.763829 
0.686855 0.562135 0.295349 0.721239 
0.645141 0.714503 0.283033 0.557935 
0.324405 0.749711 0.528151 0.710677 
0.524114 0.434268 0.959695 0.275324 
0.464490 0.883800 0.294915 0.626708 
0.343690 0.528428 0.595360 0.761926 
0.481283 0.997082 0.455804 0.460595 
0.467096 0.684850 0.737034 0.554862 
0.929350 0.669784 0.355164 0.513271 
0.481130 0.866081 0.114997 0.718849 
0.622684 0.549524 0.513262 0.731001 
0.983156 0.534777 0.800762 0.150008 
0.568705 0.960996 0.008496 0.524150 
0.908074 0.534453 0.230391 0.553912 
0.984726 0.090210 0.071907 0.758080 
0.369523 0.823553 0.911383 0.012214 
0.401370 0.018082 0.732721 0.988046 
0.599497 0.373911 0.401874 0.874969 
0.160169 0.946173 0.916301 0.143733 
0.748525 0.670208 0.623685 0.061068 
0.772148 0.997028 0.247907 0.177448 
0.501074 0.730289 0.469551 0.502415 
0.945388 0.759498 0.086069 0.439879 
0.443385 0.479671 0.219440 0.999946 
0.823922 0.260663 0.134086 0.871825 
0.455673 0.881238 0.165957 0.837121 
0.873195 0.065119 0.552492 0.714553 
0.025352 0.647264 0.651962 0.895596 
0.222306 0.230527 0.876974 0.825627 
0.830532 0.677216 0.578854 0.112399 
0.409460 0.568251 0.259715 0.939936 
0.788398 0.657381 0.558387 0.208499 
0.081438 0.759627 0.985936 0.497513 
0.932795 0.913907 0.005130 0.318752 
0.246332 0.894477 0.218376 0.907702 
0.377378 0.494466 0.974768 0.424141 
0.679113 0.555378 0.854823 0.099277 
0.393661 0.869212 0.798398 0.216203 
0.332430 0.349006 0.948219 0.604246 
0.435996 0.396678 0.356840 0.953678 
0.908700 0.463306 0.522199 0.299511 
0.617086 0.057707 0.956491 0.630617 
0.131051 0.522034 0.647809 0.868856 
0.939206 0.431332 0.560558 0.353782 
0.157792 0.604416 0.925528 0.636112 
0.538278 0.313158 0.991522 0.462939 
0.158742 0.986531 0.478167 0.580544 
0.413280 0.249371 0.610378 0.898005 
0.089363 0.978733 0.486867 0.513394 
0.534264 0.926252 0.416012 0.522566 
0.783586 0.310970 0.602002 0.650703 
0.981892 0.745780 0.266824 0.296291 
0.265147 0.443123 0.818371 0.668384 
0.401340 0.092733 0.694283 0.858063 
0.962554 0.747743 0.308696 0.428533 
0.499735 0.806214 0.637409 0.242492 
0.359880 0.474124 0.695207 0.644992 
0.818649 0.414001 0.875388 0.296552 
0.573083 0.317639 0.881528 0.515799 
0.895539 0.199939 0.353400 0.942168 
0.866269 0.150214 0.999555 0.231481 
0.991750 0.109886 0.775771 0.343512 
0.170364 0.790703 0.334017 0.883102 
0.346332 0.226980 0.900630 0.859674 
0.797700 0.850121 0.559327 0.086622 
0.615180 0.321840 0.918599 0.356190 
0.245205 0.973885 0.202241 0.838492 
0.447886 0.606630 0.948142 0.373648 
0.158613 0.278778 1.000000 0.345698 
0.909292 0.267074 0.749118 0.375221 
0.563942 0.491261 0.292157 0.915138 
0.385709 0.510968 0.909864 0.516574 
0.873288 0.230000 0.980310 0.326458 
0.804730 0.140206 0.481037 0.821928 
0.176445 0.668792 0.500019 0.870277 
0.994199 0.312468 0.002167 0.676945 
0.127229 0.557863 0.688234 0.813601 
0.021717 0.619338 0.967786 0.510194 
0.476050 0.809226 0.299228 0.744653 
0.982709 0.404841 0.922998 0.150703 
0.801460 0.001998 0.580716 0.751939 
0.008816 0.591521 0.986335 0.504365 
0.689474 0.550446 0.530820 0.484513 
0.125675 0.473301 0.992679 0.589586 
0.673319 0.873270 0.365952 0.366100 
0.781897 0.917902 0.516030 0.154580 
0.914900 0.042256 0.223669 0.850839 
0.563873 0.124415 0.925736 0.572955 
0.529943 0.592610 0.588799 0.552735 
0.000546 0.423413 0.947819 0.778901 
0.135145 0.804743 0.788879 0.579385 
0.987080 0.172693 0.881063 0.000457 
0.786563 0.790055 0.209975 0.446133 
0.989413 0.102875 0.838551 0.220863 
0.764089 0.960805 0.066626 0.346607 
0.683612 0.475129 0.740742 0.438217 
0.984923 0.173475 0.826824 0.437622 
0.099871 0.576280 0.967902 0.522866 
0.506519 0.327140 0.313091 0.988243 
0.530590 0.460008 0.928485 0.190123 
0.990562 0.062920 0.528048 0.736056 
0.876470 0.444998 0.308038 0.543742 
0.546286 0.787433 0.915926 0.003186 
0.801633 0.919043 0.201898 0.343805 
0.309460 0.639874 0.895295 0.401001 
0.589053 0.058178 0.970439 0.596562 
0.610351 0.490136 0.931814 0.151976 
0.691182 0.212298 0.822896 0.662701 
0.296583 0.240992 0.797387 0.813077 
0.620609 0.554786 0.877963 0.203000 
0.169186 0.547958 0.626180 0.738144 
0.671999 0.724765 0.739826 0.360660 
0.509786 0.969652 0.129378 0.527986 
0.999592 0.182694 0.177035 0.417824 
0.692053 0.182331 0.230146 0.992859 
0.733069 0.055136 0.527853 0.960493 
0.433062 0.402781 0.417989 0.966342 
0.808749 0.473740 0.262222 0.665460 
0.778823 0.202460 0.600042 0.747450 
0.399770 0.360868 0.992269 0.423685 
0.898751 0.284809 0.654085 0.524082 
0.717131 0.149147 0.928990 0.446984 
0.380159 0.925041 0.236020 0.703591 
0.517124 0.442245 0.922866 0.383456 
0.990389 0.497867 0.491899 0.009790 
0.289807 0.545987 0.744269 0.706840 
0.048822 0.966547 0.425255 0.634461 
0.582270 0.907660 0.023152 0.538131 
0.201345 0.588605 0.653815 0.670695 
0.079101 0.601388 0.904707 0.670826 
0.625742 0.469036 0.577406 0.559171 
0.579259 0.996388 0.757179 0.105245 
0.759330 0.168512 0.983382 0.156337 
0.992818 0.008233 0.242717 0.838675 
0.825037 0.366233 0.955815 0.238015 
0.517726 0.477315 0.577489 0.642675 
0.765351 0.832537 0.758017 0.024082 
0.351708 0.491843 0.673525 0.630615 
0.666391 0.173273 0.519103 0.747451 
0.150402 0.892622 0.289904 0.909419 
0.611051 0.527833 0.638257 0.616178 
0.556089 0.563341 0.808050 0.187715 
0.767590 0.327710 0.422496 0.736777 
0.500422 0.739721 0.570074 0.611177 
0.308219 0.852486 0.506633 0.589475 
0.288226 0.249676 0.745252 0.840149 
0.308959 0.668628 0.107453 0.999482 
0.734884 0.370147 0.732351 0.395334 
0.207296 0.769104 0.922071 0.300091 
0.795687 0.364979 0.309007 0.759636 
0.301461 0.350398 0.631624 0.996802 
0.957048 0.562563 0.525632 0.044386 
0.229615 0.239307 0.761474 0.842132 
0.435969 0.730695 0.658573 0.506123 
0.656972 0.015547 0.941506 0.618806 
0.442500 0.386089 0.465017 0.963979 
0.965465 0.204317 0.169568 0.748769 
0.756047 0.457281 0.612832 0.395855 
0.767853 0.138107 0.387824 0.988373 
0.601621 0.653141 0.147054 0.796557 
0.372269 0.772143 0.398762 0.739492 
0.816351 0.367363 0.136108 0.980870 
0.938096 0.591203 0.120252 0.504750 
0.820462 0.397738 0.926208 0.149960 
0.673147 0.724552 0.009999 0.784779 
0.407500 0.385465 0.979415 0.320749 
0.993183 0.191697 0.492305 0.234972 
0.147962 0.759523 0.136638 0.996645 
0.096694 0.509148 0.876143 0.784572 
0.246274 0.493612 0.632023 0.817752 
0.385402 0.500544 0.932547 0.462203 
0.773562 0.889645 0.013793 0.518735 
0.068467 0.952587 0.693000 0.555424 
0.454433 0.781953 0.339175 0.668442 
0.826522 0.388932 0.823378 0.200610 
0.712471 0.824011 0.472692 0.239499 
0.061393 0.942188 0.240619 0.887978 
0.563349 0.752437 0.189493 0.720852 
0.103103 0.650646 0.829177 0.719814 
0.396841 0.799310 0.815095 0.433200 
0.138831 0.986855 0.323356 0.672645 
0.113009 0.983480 0.902843 0.189708 
0.848330 0.702500 0.184393 0.568033 
0.102153 0.685543 0.425248 0.948714 
0.671666 0.501245 0.245657 0.802102 
0.811083 0.173979 0.832535 0.508411 
0.594861 0.611550 0.814576 0.186519 
0.814369 0.381151 0.134004 0.848095 
0.021230 0.335507 0.949228 0.740607 
0.144338 0.817481 0.858847 0.473359 
0.235476 0.515035 0.907840 0.657706 
0.613236 0.846228 0.034654 0.640505 
0.114903 0.591800 0.801811 0.798166 
0.061687 0.824015 0.321134 0.955219 
0.652714 0.272038 0.991818 0.092654 
0.066167 0.802839 0.982224 0.341551 
0.714831 0.467068 0.645702 0.558073 
0.463758 0.927966 0.099142 0.568356 
0.040157 0.965552 0.437554 0.805420 
0.112548 0.739911 0.867782 0.534909 
0.520544 0.241313 0.995871 0.115910 
0.224915 0.449731 0.478210 0.982275 
0.775391 0.169142 0.675070 0.699520 
0.541935 0.367949 0.982049 0.124336 
0.957052 0.454288 0.125901 0.640734 
0.185861 0.974784 0.820016 0.033294 
0.536838 0.841733 0.894414 0.085761 
0.102468 0.183254 0.983516 0.815593 
0.178741 0.862834 0.352296 0.845354 
0.645046 0.442985 0.971013 0.206576 
0.735204 0.932486 0.103934 0.484996 
0.473595 0.958747 0.222197 0.564161 
0.396014 0.325521 0.731869 0.778316 
0.844436 0.000743 0.706979 0.862655 
0.499357 0.924402 0.618441 0.420770 
0.979472 0.251365 0.653529 0.368950 
0.055809 0.882820 0.241190 0.946761 
0.912024 0.199157 0.917941 0.227656 
0.223982 0.255778 0.850180 0.848080 
0.206606 0.677387 0.912502 0.597656 
0.588641 0.519385 0.811503 0.292163 
0.428828 0.988210 0.044365 0.682859 
0.709113 0.683042 0.327020 0.514689 
0.416934 0.821448 0.447823 0.664849 
0.429823 0.054408 0.892579 0.751313 
0.721524 0.171319 0.822815 0.595048 
0.462276 0.932320 0.129042 0.705452 
0.903997 0.102190 0.369504 0.836912 
0.557082 0.784130 0.321733 0.536041 
0.547086 0.903087 0.575599 0.156676 
0.173014 0.734812 0.888702 0.688474 
0.862925 0.530876 0.548126 0.439524 
0.434210 0.960758 0.187387 0.953030 
0.212646 0.507109 0.953812 0.451001 
0.177751 0.716950 0.607063 0.725727 
0.812427 0.006015 0.464857 0.910511 
0.133156 0.837819 0.864956 0.530034 
0.643332 0.178407 0.974844 0.513285 
0.526556 0.887771 0.113946 0.731523 
0.131524 0.856291 0.289230 0.981319 
0.709191 0.346369 0.622858 0.586249 
0.171226 0.376774 0.874409 0.815516 
0.640624 0.290166 0.644911 0.588301 
0.916602 0.736125 0.212994 0.518572 
0.889069 0.284590 0.949983 0.072940 
0.667694 0.893721 0.548868 0.118047 
0.073773 0.994366 0.525684 0.473909 
0.685906 0.948024 0.189098 0.395235 
0.472549 0.511831 0.618921 0.824375 
0.885017 0.387251 0.461834 0.544351 
0.159156 0.503344 0.797183 0.940721 
0.981630 0.354956 0.167499 0.562876 
0.612875 0.809188 0.316124 0.566357 
0.952616 0.615621 0.082501 0.851382 
0.992778 0.057835 0.940415 0.191893 
0.986049 0.275535 0.532045 0.406731 
0.763547 0.162210 0.912405 0.350218 
0.214787 0.975778 0.361205 0.727842 
0.565141 0.052914 0.720141 0.852446 
0.184544 0.442178 0.878913 0.704433 
0.524156 0.982442 0.148585 0.485675 
0.057495 0.694049 0.361661 0.963337 
0.730310 0.134437 0.432304 0.930035 
0.691177 0.342684 0.276375 0.850143 
0.067989 0.283179 0.988401 0.652866 
0.514006 0.205672 0.999444 0.475959 
0.046163 0.951263 0.911143 0.212152 
0.456681 0.426646 0.468872 0.883246 
0.820709 0.604522 0.608210 0.136175 
0.653756 0.595053 0.742334 0.250145 
0.907114 0.257981 0.569728 0.614721 
0.487352 0.470346 0.815595 0.571361 
0.465190 0.845552 0.630479 0.358030 
0.516609 0.409211 0.860510 0.741394 
0.222544 0.484840 0.998493 0.450050 
0.861616 0.442075 0.262850 0.732243 
0.747947 0.962053 0.181353 0.326003 
0.784906 0.260533 0.875745 0.343971 
0.817176 0.230789 0.913379 0.311919 
0.374631 0.423147 0.421862 0.969519 
0.868489 0.341189 0.323387 0.854473 
0.266911 0.561964 0.360911 0.980978 
0.403853 0.434655 0.715742 0.682908 
0.639402 0.801060 0.435914 0.336994 
0.091986 0.254457 0.797112 0.954279 
0.751896 0.925201 0.379007 0.086195 
0.917399 0.735187 0.432550 0.212055 
0.615039 0.304023 0.568460 0.886893 
0.542942 0.992832 0.019180 0.541108 
0.985444 0.735854 0.349631 0.183824 
0.266944 0.612932 0.919739 0.432382 
0.455012 0.102044 0.977863 0.490330 
0.113726 0.649313 0.919508 0.478086 
0.890928 0.985136 0.222289 0.163257 
0.740318 0.530456 0.837358 0.254002 
0.799398 0.953783 0.394991 0.052376 
0.119567 0.890021 0.819982 0.285272 
0.202212 0.607139 0.498040 0.852640 
0.546109 0.730047 0.127852 0.945679 
0.511086 0.424244 0.617959 0.787971 
0.056812 0.872101 0.612145 0.642048 
0.732138 0.983250 0.257017 0.270212 
0.972352 0.135247 0.967247 0.011549 
0.627077 0.422673 0.689081 0.844539 
0.517549 0.528510 0.817095 0.471905 
0.543038 0.634784 0.435913 0.583418 
0.571092 0.825178 0.453805 0.440065 
0.940926 0.338522 0.317800 0.659170 
0.787741 0.261796 0.485546 0.708113 
0.221923 0.773737 0.431996 0.928196 
0.391749 0.924232 0.708827 0.127068 
0.457815 0.967688 0.304558 0.460759 
0.318590 0.534954 0.558960 0.815866 
0.937894 0.772215 0.350363 0.127801 
0.977481 0.489896 0.130217 0.588826 
0.436483 0.870624 0.464350 0.495629 
0.705056 0.693255 0.678454 0.159565 
0.630669 0.704569 0.607919 0.422017 
0.640773 0.277298 0.437779 0.950477 
0.344910 0.683962 0.946007 0.279848 
0.672757 0.778670 0.627591 0.034520 
0.671190 0.218328 0.672447 0.692247 
0.512287 0.357378 0.930974 0.404879 
0.458105 0.602021 0.567561 0.650730 
0.101336 0.989583 0.093066 0.917974 
0.239298 0.948562 0.152243 0.995094 
0.676218 0.616261 0.040081 0.797387 
0.580964 0.880439 0.369947 0.417211 
0.157748 0.757000 0.667395 0.723446 
0.556968 0.739857 0.568872 0.498051 
0.370712 0.513800 0.376112 0.969052 
0.725835 0.423646 0.604397 0.465393 
0.098021 0.951971 0.906321 0.139289 
0.266628 0.692553 0.223286 0.971437 
0.925374 0.061975 0.718591 0.498744 
0.265331 0.768177 0.907564 0.325148 
0.315093 0.796470 0.900800 0.117030 
0.884195 0.248713 0.947266 0.113371 
0.645022 0.749774 0.547740 0.334272 
0.614651 0.642746 0.826209 0.119572 
0.657056 0.694224 0.020265 0.868636 
0.864411 0.725657 0.298905 0.513570 
0.338187 0.563309 0.531535 0.846222 
0.280605 0.595381 0.952474 0.287765 
0.473634 0.808759 0.578991 0.543429 
0.562605 0.254661 0.675569 0.852195 
0.467030 0.839958 0.095533 0.864331 
0.633274 0.693628 0.024745 0.819956 
0.198892 0.207297 0.883955 0.861027 
0.249072 0.603120 0.887252 0.503613 
0.483890 0.736105 0.628299 0.376506 
0.969389 0.271452 0.899960 0.154433 
0.349979 0.817229 0.493648 0.523969 
0.568590 0.916990 0.033835 0.798533 
0.757669 0.284323 0.401017 0.845312 
0.657640 0.652184 0.809373 0.069379 
0.091842 0.758746 0.332520 0.942595 
0.430110 0.847106 0.418549 0.496261 
0.211444 0.513647 0.657373 0.736105 
0.637564 0.673708 0.799709 0.495047 
0.615953 0.361064 0.705790 0.530354 
0.940072 0.270522 0.225448 0.676912 
0.271537 0.536277 0.566794 0.723139 
0.821284 0.306121 0.549747 0.616574 
0.454311 0.998331 0.116097 0.457688 
0.353658 0.487532 0.637318 0.876374 
0.482982 0.966583 0.482133 0.259974 
0.418758 0.815797 0.572341 0.651257 
0.631924 0.519379 0.984368 0.033630 
0.704558 0.333550 0.974523 0.191610 
0.693516 0.298894 0.869522 0.326206 
0.114229 0.900625 0.245462 0.945239 
0.471842 0.764977 0.681739 0.385735 
0.736917 0.743461 0.603347 0.320073 
0.699835 0.854317 0.604638 0.034572 
0.771838 0.430114 0.945410 0.203820 
0.174328 0.615507 0.613981 0.681160 
0.503355 0.536491 0.542121 0.686276 
0.091940 0.620819 0.899550 0.605779 
0.528883 0.897331 0.537036 0.279928 
0.720420 0.439267 0.602660 0.480638 
0.129384 0.983966 0.443689 0.604350 
0.172082 0.993198 0.213970 0.782285 
0.564452 0.369040 0.692585 0.548453 
0.407171 0.520184 0.668565 0.631653 
0.954953 0.180828 0.943539 0.120531 
0.045267 0.497569 0.610415 0.977107 
0.864696 0.960514 0.099162 0.444467 
0.344511 0.399835 0.548043 0.911017 
0.237288 0.814778 0.240924 0.863199 
0.301387 0.893334 0.666648 0.550949 
0.956570 0.163470 0.830879 0.249615 
0.447474 0.825243 0.713321 0.251238 
0.727020 0.086109 0.620453 0.768279 
0.981401 0.059341 0.021020 0.923256 
0.590959 0.136412 0.821318 0.718665 
0.237753 0.628656 0.504089 0.805154 
0.648992 0.779737 0.546917 0.350407 
0.140760 0.950586 0.336271 0.781233 
0.713395 0.573857 0.505867 0.575823 
0.392842 0.213386 0.693071 0.931688 
0.015448 0.589754 0.899493 0.750823 
0.542648 0.623549 0.488674 0.539333 
0.366359 0.735964 0.607883 0.698123 
0.817307 0.060942 0.555557 0.813297 
0.089369 0.279600 0.813562 0.956286 
0.335759 0.469950 0.452747 0.916712 
0.651149 0.790874 0.544307 0.383830 
0.994708 0.082279 0.626808 0.379473 
0.555733 0.132150 0.593666 0.928814 
0.385543 0.967596 0.746088 0.237516 
0.694931 0.736971 0.386377 0.503187 
0.889470 0.156173 0.400782 0.635444 
0.107120 0.991716 0.651067 0.367356 
0.951229 0.209086 0.962385 0.170748 
0.299238 0.688083 0.739043 0.499836 
0.532783 0.705666 0.502087 0.602036 
0.348520 0.765026 0.961883 0.261965 
0.769663 0.773647 0.051674 0.562407 
0.829501 0.280497 0.786132 0.640599 
0.264573 0.566402 0.512893 0.885473 
0.152467 0.991511 0.533133 0.277507 
0.192241 0.401162 0.697780 0.869792 
0.349228 0.572129 0.436477 0.909872 
0.851224 0.345102 0.626281 0.480178 
0.340789 0.946097 0.302564 0.758057 
0.613523 0.999301 0.252459 0.371596 
0.021008 0.551013 0.684651 0.910632 
0.529634 0.791861 0.734575 0.177469 
0.418759 0.648334 0.997973 0.171697 
0.544058 0.795139 0.239586 0.637693 
0.828179 0.928330 0.237402 0.253537 
0.660485 0.323006 0.334476 0.953608 
0.744724 0.339307 0.325467 0.789597 
0.300761 0.817349 0.387803 0.822426 
0.528873 0.507719 0.576188 0.761774 
0.559801 0.775564 0.483542 0.474651 
0.752186 0.211596 0.187972 0.923941 
0.977536 0.046477 0.934431 0.492197 
0.232015 0.301817 0.729497 0.869923 
0.859249 0.735195 0.115104 0.781789 
0.543636 0.703820 0.406350 0.614540 
0.754687 0.471939 0.067026 0.891642 
0.522618 0.454538 0.586813 0.786959 
0.393157 0.287125 0.592423 0.869344 
0.330024 0.754721 0.964012 0.190117 
0.839665 0.058130 0.937484 0.391337 
0.270082 0.931949 0.469683 0.535967 
0.120685 0.594485 0.529953 0.996525 
0.333194 0.448347 0.640179 0.755265 
0.047415 0.691034 0.958308 0.596948 
0.501821 0.725096 0.570110 0.393213 
0.044213 0.400150 0.728725 0.973390 
0.990591 0.256196 0.322097 0.670133 
0.648090 0.772966 0.252641 0.516214 
0.924285 0.049536 0.626950 0.649951 
0.726775 0.402004 0.643508 0.546886 
0.425836 0.820089 0.326014 0.623250 
0.347293 0.464977 0.387979 0.963068 
0.446490 0.943253 0.173322 0.585950 
0.711142 0.431683 0.604360 0.671958 
0.723408 0.237635 0.202998 0.986502 
0.214278 0.547741 0.619075 0.719616 
0.029042 0.608686 0.573389 0.886649 
0.718258 0.833588 0.229139 0.717047 
0.504044 0.432355 0.353371 0.926335 
0.164787 0.992672 0.167570 0.869340 
0.537621 0.931557 0.142865 0.519965 
0.935742 0.112888 0.306598 0.803054 
0.616403 0.147236 0.952309 0.552042 
0.046975 0.943039 0.921245 0.188793 
0.762771 0.998661 0.216931 0.172581 
0.930160 0.308488 0.525320 0.437677 
0.816040 0.094218 0.535919 0.878415 
0.590472 0.731005 0.308259 0.624119 
0.638666 0.402130 0.490563 0.841503 
0.873988 0.220094 0.458880 0.688047 
0.800663 0.460791 0.667052 0.273463 
0.789973 0.476334 0.719047 0.285616 
0.747096 0.453201 0.743932 0.279482 
0.415183 0.733463 0.745194 0.425522 
0.617264 0.492331 0.521318 0.672672 
0.754499 0.835557 0.399066 0.435194 
0.812390 0.418249 0.334797 0.725801 
0.283106 0.451494 0.353942 0.997572 
0.787695 0.840803 0.107347 0.501609 
0.626145 0.477293 0.919611 0.241665 
0.485601 0.017918 0.831649 0.891538 
0.923304 0.240256 0.358322 0.553364 
0.525457 0.608080 0.839367 0.419880 
0.642838 0.664084 0.253815 0.669870 
0.288245 0.582244 0.924748 0.422098 
0.289500 0.739565 0.566726 0.778223 
0.961743 0.479580 0.300674 0.466868 
0.204401 0.303971 0.789609 0.967065 
0.843168 0.582387 0.614003 0.019838 
0.388627 0.409204 0.468375 0.901265 
0.583281 0.877892 0.066639 0.566485 
0.681425 0.516840 0.718875 0.436779 
0.351139 0.739416 0.207224 0.998795 
0.998634 0.468074 0.390745 0.121155 
0.687269 0.699771 0.700806 0.182101 
0.356701 0.841539 0.429505 0.687011 
0.252767 0.441128 0.830801 0.661934 
0.221758 0.883296 0.541918 0.726228 
0.542733 0.925331 0.379426 0.442122 
0.998831 0.637093 0.163058 0.217696 
0.262846 0.704687 0.242034 0.984291 
0.337219 0.820484 0.273200 0.784759 
0.253412 0.179057 0.635548 0.942724 
0.505014 0.801377 0.257019 0.670769 
0.747596 0.331466 0.891924 0.267625 
0.991091 0.465278 0.448644 0.216911 
0.426746 0.326692 0.960903 0.552915 
0.727688 0.162253 0.872426 0.594085 
0.885082 0.556924 0.740832 0.068929 
0.681423 0.171061 0.991483 0.048473 
0.995670 0.355890 0.728716 0.005717 
0.541692 0.383611 0.874631 0.574897 
0.801835 0.554379 0.333906 0.650960 
0.973583 0.296642 0.516337 0.220948 
0.525908 0.547913 0.594302 0.531925 
0.169619 0.806828 0.972235 0.321734 
0.321048 0.443876 0.989858 0.408143 
0.975015 0.496333 0.281217 0.508276 
0.597224 0.675819 0.368252 0.538392 
0.153487 0.244623 0.966203 0.746885 
0.405833 0.865634 0.707016 0.242165 
0.102280 0.570010 0.997781 0.356672 
0.107320 0.825465 0.882473 0.405402 
0.532250 0.443751 0.831116 0.646586 
0.635250 0.569689 0.285654 0.791738 
0.998717 0.146007 0.591282 0.233367 
0.724867 0.129363 0.692229 0.824489 
0.804522 0.004395 0.575038 0.752803 
0.168047 0.451613 0.854775 0.769598 
0.798184 0.406801 0.288414 0.815933 
0.874715 0.569572 0.682727 0.087655 
0.884270 0.216082 0.442933 0.783162 
0.130145 0.839606 0.883138 0.396730 
0.268316 0.324458 0.684789 0.931774 
0.555730 0.110003 0.676816 0.919123 
0.641210 0.681781 0.527623 0.460221 
0.935717 0.791720 0.390289 0.364756 
0.756186 0.385187 0.683416 0.506988 
0.516630 0.972797 0.372090 0.261832 
0.840993 0.757041 0.244042 0.515207 
0.600739 0.729924 0.691912 0.144876 
0.268809 0.834319 0.328908 0.856854 
0.677391 0.217912 0.357407 0.940008 
0.997602 0.418800 0.528749 0.125813 
0.558849 0.551796 0.829835 0.304354 
0.505229 0.266041 0.947485 0.710816 
0.433164 0.961215 0.053842 0.696217 
0.745956 0.570909 0.924701 0.080329 
0.557655 0.952864 0.084798 0.631704 
0.141774 0.837272 0.699747 0.625287 
0.090221 0.681708 0.308319 0.962296 
0.831193 0.494344 0.776365 0.249780 
0.913554 0.517562 0.437396 0.402735 
0.215414 0.849251 0.306089 0.786999 
0.626118 0.945437 0.344437 0.475847 
0.892806 0.359288 0.819729 0.154460 
0.596263 0.739718 0.467224 0.451558 
0.560383 0.930239 0.704343 0.145649 
0.958123 0.062792 0.109092 0.973114 
0.429487 0.384354 0.962277 0.240105 
0.993728 0.606538 0.268882 0.150566 
0.907899 0.255777 0.494551 0.494927 
0.255708 0.540291 0.827315 0.715933 
0.675061 0.623522 0.978849 0.045011 
0.585385 0.201864 0.882182 0.533897 
0.200055 0.216803 0.997107 0.755322 
0.228335 0.743975 0.143195 0.995519 
0.641532 0.862266 0.589642 0.313746 
0.324238 0.252418 0.703910 0.837698 
0.675178 0.316767 0.826323 0.533351 
0.386000 0.864427 0.843953 0.216693 
0.218656 0.494753 0.570616 0.862178 
0.482174 0.210258 0.581397 0.987722 
0.963065 0.179024 0.512640 0.481014 
0.906152 0.109655 0.890137 0.327531 
0.677662 0.436967 0.074579 0.925411 
0.868941 0.041604 0.523745 0.739480 
0.356871 0.648184 0.963923 0.188094 
0.927239 0.403549 0.788115 0.170903 
0.417503 0.402733 0.371646 0.978323 
0.317313 0.420212 0.838355 0.794381 
0.144738 0.769535 0.600514 0.816598 
0.572324 0.637539 0.439351 0.514054 
0.442109 0.361755 0.950566 0.521055 
0.704758 0.704687 0.431484 0.392878 
0.724746 0.635638 0.408814 0.657182 
0.970227 0.337399 0.751782 0.364487 
0.795999 0.445299 0.852092 0.221184 
0.083845 0.869532 0.283265 0.947800 
0.995229 0.087029 0.887312 0.075884 
0.908522 0.061372 0.652047 0.621703 
0.990200 0.281155 0.626820 0.084492 
0.594490 0.853031 0.140107 0.523069 
0.583464 0.747039 0.922775 0.071221 
0.998815 0.193334 0.867677 0.212061 
0.918644 0.323694 0.372524 0.604692 
0.623200 0.688152 0.863454 0.003129 
0.569143 0.173082 0.777584 0.834394 
0.336066 0.298905 0.896347 0.620360 
0.492083 0.118771 0.852714 0.772152 
0.314303 0.758794 0.320402 0.793828 
0.675571 0.061945 0.908975 0.474367 
0.149024 0.955389 0.513654 0.780157 
0.421422 0.791069 0.535896 0.638948 
0.366792 0.990378 0.818918 0.485331 
0.965103 0.466190 0.471928 0.174884 
0.536174 0.070904 0.826150 0.781539 
0.984991 0.306910 0.343485 0.471761 
0.138599 0.658194 0.528876 0.845642 
0.261756 0.830583 0.351539 0.735911 
0.156798 0.553575 0.981531 0.373055 
0.310240 0.595464 0.427475 0.848481 
0.563752 0.757972 0.406323 0.570364 
0.404269 0.893075 0.790365 0.328409 
0.384929 0.376201 0.445319 0.977648 
0.814875 0.278993 0.888865 0.336317 
0.830567 0.270667 0.976780 0.014755 
0.149402 0.624078 0.658542 0.759695 
0.300151 0.125069 0.752075 0.960696 
0.677388 0.958213 0.304473 0.144620 
0.333343 0.142569 0.944669 0.781443 
0.327947 0.093312 0.934688 0.815351 
0.268241 0.706512 0.736069 0.532796 
0.694955 0.246633 0.915934 0.280188 
0.757687 0.811134 0.028958 0.658719 
0.806607 0.745154 0.064321 0.622913 
0.004480 0.997059 0.579218 0.587050 
0.236283 0.696022 0.837460 0.516640 
0.090834 0.898238 0.620256 0.543852 
0.423708 0.171525 0.672175 0.906460 
0.924606 0.095008 0.417951 0.695703 
0.765708 0.068138 0.840978 0.528833 
0.095138 0.955175 0.553316 0.574637 
0.377023 0.925143 0.492573 0.426110 
0.252230 0.677639 0.380223 0.987275 
0.524714 0.774079 0.035792 0.868921 
0.380623 0.880559 0.312307 0.643378 
0.480993 0.324067 0.976825 0.492245 
0.054220 0.809785 0.331954 0.887155 
0.583507 0.737539 0.012624 0.855995 
0.820168 0.261509 0.515068 0.671417 
0.162781 0.858012 0.617551 0.681324 
0.731644 0.860742 0.246983 0.434533 
0.675287 0.120331 0.960894 0.449461 
0.209344 0.568904 0.701371 0.664989 
0.270150 0.589512 0.375514 0.925380 
0.425545 0.580876 0.968762 0.156630 
0.588668 0.323272 0.260805 0.982887 
0.940770 0.390106 0.330964 0.554855 
0.562792 0.328563 0.974532 0.430237 
0.958606 0.087289 0.991767 0.217503 
0.657338 0.647404 0.820876 0.101006 
0.285967 0.814875 0.730486 0.559284 
0.693130 0.660418 0.753790 0.102782 
0.477179 0.577663 0.462868 0.687900 
0.184946 0.998736 0.454249 0.226831 
0.997606 0.073050 0.535973 0.244757 
0.620251 0.803575 0.595412 0.274140 
0.867331 0.401119 0.716040 0.457384 
0.428098 0.663302 0.967303 0.000603 
0.447187 0.348780 0.942594 0.391644 
0.561957 0.484155 0.096748 0.980131 
0.348832 0.750405 0.851790 0.166799 
0.791035 0.734792 0.539056 0.293196 
0.374375 0.932737 0.440867 0.487462 
0.624114 0.198642 0.542210 0.886284 
0.322252 0.672038 0.431907 0.773977 
0.916196 0.007238 0.514352 0.751030 
0.319620 0.789255 0.590924 0.555667 
0.261827 0.634719 0.701802 0.634215 
0.199215 0.501468 0.610642 0.859113 
0.078227 0.650415 0.379947 0.990842 
0.308254 0.709935 0.634629 0.560730 
0.892728 0.637620 0.604418 0.207503 
0.530643 0.588287 0.456095 0.632224 
0.296580 0.301358 0.723877 0.844228 
0.946877 0.471481 0.451741 0.279793 
0.019617 0.942644 0.680839 0.805869 
0.699251 0.999808 0.093741 0.341819 
0.478256 0.276850 0.894871 0.556315 
0.023139 0.681975 0.473501 0.959240 
0.481720 0.858494 0.052340 0.890879 
0.320224 0.997436 0.256315 0.746939 
0.913080 0.148878 0.412750 0.657922 
0.731367 0.436537 0.582524 0.481696 
0.668244 0.016714 0.575402 0.955858 
0.669746 0.165522 0.710827 0.829079 
0.602393 0.853498 0.529785 0.373746 
0.265892 0.888822 0.959073 0.010089 
0.479289 0.199977 0.602879 0.923622 
0.530296 0.087404 0.681629 0.919532 
0.850182 0.198612 0.834317 0.408976 
0.870608 0.570524 0.518208 0.617692 
0.943456 0.011508 0.380899 0.767970 
0.997176 0.325112 0.402132 0.313640 
0.873254 0.948538 0.320030 0.062732 
0.832241 0.947969 0.378163 0.213855 
0.627466 0.649168 0.808028 0.071330 
0.192627 0.237709 0.863583 0.808184 
0.521747 0.775872 0.849771 0.324437 
0.129889 0.677223 0.912960 0.404619 
0.213899 0.886255 0.562300 0.604613 
0.868421 0.680327 0.700150 0.015872 
0.680576 0.706046 0.407769 0.440314 
0.960175 0.350234 0.164743 0.772692 
0.637515 0.406682 0.688464 0.519050 
0.528396 0.987836 0.330753 0.235541 
0.714164 0.445072 0.951680 0.060560 
0.916622 0.661534 0.024509 0.569620 
0.459648 0.374646 0.999565 0.276829 
0.932015 0.103956 0.911000 0.179256 
0.891399 0.732373 0.224689 0.435264 
0.453846 0.659747 0.418439 0.633667 
0.300125 0.393004 0.667092 0.878426 
0.650594 0.399101 0.244617 0.983239 
0.127940 0.878171 0.240145 0.965133 
0.797342 0.853487 0.034763 0.584029 
0.899616 0.243669 0.630066 0.426476 
0.336950 0.914251 0.410581 0.735541 
0.922963 0.607930 0.465851 0.334019 
0.711553 0.579439 0.831308 0.107464 
0.948053 0.091236 0.107872 0.912926 
0.715278 0.098501 0.966178 0.397428 
0.191623 0.810093 0.926762 0.385125 
0.967327 0.432991 0.081617 0.681319 
0.203271 0.150875 0.949557 0.900579 
0.838299 0.074409 0.837119 0.353061 
0.165992 0.295335 0.984794 0.614544 
0.997716 0.293782 0.815059 0.008266 
0.030413 0.466657 0.673544 0.970081 
0.051343 0.245854 0.851751 0.918855 
0.460322 0.983111 0.482457 0.201140 
0.093200 0.489860 0.589134 0.984993 
0.516675 0.198181 0.753493 0.705742 
0.339506 0.998788 0.089369 0.674218 
0.184535 1.000000 0.225291 0.465087 
0.067427 0.547185 0.780000 0.948836 
0.991274 0.738599 0.325200 0.075148 
0.880577 0.510715 0.202080 0.655384 
0.813467 0.752456 0.279010 0.584974 
0.982626 0.551776 0.137936 0.455614 
0.986771 0.446470 0.726332 0.185698 
0.420610 0.824724 0.376292 0.616367 
0.404510 0.862599 0.805476 0.147778 
0.455458 0.902384 0.642590 0.363284 
0.820913 0.133832 0.208201 0.955792 
0.594251 0.940902 0.498318 0.194872 
0.294020 0.587192 0.734119 0.614593 
0.202117 0.834832 0.961285 0.168910 
0.871100 0.596516 0.265058 0.606921 
0.322565 0.281107 0.962748 0.772873 
0.472070 0.962414 0.591369 0.156466 
0.753938 0.189681 0.305433 0.970515 
0.820072 0.762325 0.455803 0.317713 
0.329580 0.495617 0.719264 0.694361 
0.412264 0.863814 0.279298 0.627100 
0.186609 0.544460 0.758314 0.765271 
0.934514 0.154178 0.900306 0.272367 
0.899416 0.868382 0.009554 0.420580 
0.389841 0.551287 0.632250 0.699619 
0.580149 0.860474 0.703047 0.143046 
0.825728 0.284560 0.440917 0.624179 
0.046120 0.531460 0.581903 0.970264 
0.885408 0.354403 0.756243 0.181864 
0.662764 0.302996 0.456756 0.943031 
0.848197 0.974334 0.184677 0.279380 
0.785963 0.245503 0.650236 0.736607 
0.801835 0.673860 0.380162 0.645094 
0.825450 0.495005 0.708930 0.206516 
0.784577 0.569695 0.551583 0.240422 
0.560013 0.029211 0.878175 0.738161 
0.128931 0.587355 0.674421 0.771883 
0.606043 0.965866 0.368979 0.380003 
0.997972 0.240029 0.486395 0.196779 
0.159302 0.519268 0.658926 0.774772 
0.877789 0.226274 0.416848 0.720582 
0.977901 0.157326 0.248349 0.832378 
0.466194 0.881078 0.796654 0.200314 
0.939634 0.274038 0.602914 0.378445 
0.473787 0.209367 0.846330 0.807480 
0.613130 0.745255 0.260216 0.705123 
0.094480 0.476095 0.892366 0.815512 
0.299017 0.764869 0.228583 0.959694 
0.939891 0.535761 0.192120 0.814422 
0.315459 0.995629 0.504248 0.226679 
0.362858 0.926727 0.851011 0.111280 
0.916226 0.413514 0.297639 0.550070 
0.120641 0.555152 0.624002 0.860071 
0.286772 0.577828 0.972011 0.299870 
0.781119 0.552263 0.645238 0.283708 
0.981197 0.280848 0.356868 0.449074 
0.261444 0.448280 0.681262 0.860395 
0.408510 0.570833 0.589841 0.627445 
0.503667 0.966799 0.184270 0.546617 
0.618382 0.308975 0.798941 0.557448 
0.921159 0.233828 0.497141 0.518047 
0.439438 0.053136 0.982675 0.528771 
0.938599 0.116948 0.686470 0.472068 
0.505954 0.691475 0.191154 0.993409 
0.166056 0.444473 0.961890 0.713118 
0.667557 0.340701 0.476021 0.698102 
0.853017 0.429023 0.035314 0.876035 
0.473451 0.756306 0.141501 0.954361 
0.945449 0.575937 0.376786 0.356515 
0.718094 0.499585 0.466068 0.831117 
0.802239 0.010898 0.607092 0.702245 
0.060433 0.291066 0.586041 0.999008 
0.982775 0.025500 0.583846 0.639838 
0.069294 0.591400 0.901982 0.673292 
0.366756 0.629541 0.461660 0.711375 
0.554924 0.722403 0.912153 0.097116 
0.363472 0.898046 0.463317 0.551656 
0.257920 0.893263 0.958656 0.225233 
0.703019 0.437786 0.904979 0.145144 
0.678335 0.956730 0.137962 0.443643 
0.986643 0.232783 0.556357 0.289598 
0.442947 0.365907 0.976685 0.316315 
0.906401 0.771950 0.201911 0.556171 
0.848444 0.477436 0.725633 0.163284 
0.035054 0.628242 0.656079 0.848277 
0.880473 0.620644 0.151235 0.611800 
0.793599 0.698712 0.602649 0.146000 
0.914059 0.222554 0.232688 0.898879 
0.688659 0.546682 0.571583 0.404795 
0.292617 0.588605 0.964262 0.256810 
0.573196 0.455199 0.776262 0.513632 
0.924037 0.349951 0.066973 0.994042 
0.025099 0.374315 0.992945 0.685938 
0.998468 0.025170 0.326998 0.765978 
0.909042 0.804029 0.200484 0.275324 
0.368693 0.853335 0.384922 0.573587 
0.994421 0.479732 0.420719 0.390240 
0.426525 0.610250 0.455869 0.767389 
0.786406 0.655775 0.708378 0.007665 
0.761802 0.087218 0.503706 0.999628 
0.677679 0.028887 0.866793 0.608222 
0.966633 0.621770 0.194955 0.405813 
0.258018 0.960406 0.474859 0.583178 
0.789803 0.567710 0.531443 0.324590 
0.721072 0.365268 0.464245 0.650399 
0.735340 0.609542 0.483959 0.580309 
0.991362 0.061449 0.948842 0.188552 
0.290208 0.932200 0.240157 0.783681 
0.908988 0.073733 0.694797 0.467671 
0.960496 0.337488 0.189060 0.783744 
0.043585 0.807034 0.979124 0.472344 
0.982732 0.784686 0.164051 0.039258 
0.607133 0.867746 0.036895 0.544243 
0.911019 0.266118 0.841775 0.195797 
0.695306 0.670168 0.736084 0.397554 
0.649411 0.483746 0.795974 0.396557 
0.900913 0.558927 0.583749 0.340234 
0.814972 0.376421 0.575688 0.495450 
0.391064 0.218977 0.964639 0.675573 
0.576595 0.483530 0.531459 0.697211 
0.372668 0.796505 0.584948 0.709737 
0.538324 0.931110 0.555979 0.279691 
0.805338 0.433792 0.889265 0.101416 
0.094301 0.712656 0.986769 0.327655 
0.400309 0.917318 0.624829 0.273894 
0.962925 0.391227 0.488756 0.307033 
0.370513 0.997515 0.351462 0.616995 
0.841296 0.754641 0.659056 0.031126 
0.574527 0.869077 0.102954 0.759477 
0.133703 0.776615 0.909395 0.498358 
0.989410 0.441955 0.078339 0.738344 
0.419162 0.778400 0.628463 0.446408 
0.240697 0.685579 0.967866 0.334256 
0.345453 0.774824 0.191229 0.992556 
0.339221 0.499207 0.539989 0.863080 
0.831603 0.708548 0.416474 0.344470 
0.253280 0.539131 0.660005 0.719732 
0.575523 0.267582 0.696776 0.673377 
0.584866 0.189891 0.965202 0.364005 
0.276599 0.572666 0.953172 0.561810 
0.058240 0.551081 0.899384 0.731346 
0.296532 0.877635 0.678735 0.574394 
0.784550 0.780095 0.175426 0.483138 
0.400970 0.614113 0.454085 0.694671 
0.887659 0.637026 0.149191 0.562705 
0.471956 0.009842 0.995032 0.831920 
0.330361 0.471681 0.637398 0.696222 
0.874245 0.627541 0.361016 0.375306 
0.377581 0.340350 0.627647 0.979894 
0.306168 0.496903 0.899779 0.629201 
0.678346 0.425073 0.046496 0.954713 
0.799319 0.678904 0.386215 0.382718 
0.780789 0.764078 0.443760 0.155926 
0.711934 0.607301 0.702768 0.165434 
0.237943 0.748507 0.428455 0.820543 
0.858465 0.699190 0.480665 0.100000 
0.984428 0.303774 0.469101 0.316540 
0.338671 0.575183 0.814347 0.567459 
0.626947 0.889484 0.215453 0.474115 
0.218530 0.784449 0.743913 0.635305 
0.992664 0.174768 0.035165 0.732658 
0.891712 0.078128 0.743119 0.479707 
0.066508 0.302849 0.809783 0.981997 
0.551327 0.563260 0.520628 0.613089 
0.949897 0.908772 0.219032 0.105335 
0.221450 0.094149 0.648538 0.982791 
0.759439 0.361069 0.187946 0.854755 
0.976001 0.572354 0.132310 0.497240 
0.354668 0.454991 0.408065 0.991792 
0.241980 0.152800 0.978438 0.769815 
0.729273 0.432076 0.726661 0.307534 
0.983510 0.054256 0.555201 0.705329 
0.681706 0.752892 0.176426 0.772185 
0.934555 0.819478 0.039401 0.308014 
0.373458 0.104651 0.766282 0.976796 
0.371444 0.981443 0.525797 0.166204 
0.152846 0.838139 0.227989 0.982825 
0.582723 0.597850 0.879313 0.141682 
0.597970 0.795742 0.608064 0.228100 
0.663231 0.111167 0.771629 0.679898 
0.701362 0.498002 0.713919 0.350568 
0.641764 0.987838 0.383819 0.210729 
0.932012 0.149290 0.690974 0.588549 
0.979939 0.475514 0.340869 0.468411 
0.241175 0.761197 0.825002 0.385060 
0.474063 0.876799 0.573216 0.436143 
0.640794 0.955833 0.225450 0.348412 
0.927175 0.674401 0.404907 0.207120 
0.465939 0.890466 0.408810 0.547066 
0.096478 0.510183 0.969245 0.539847 
0.961278 0.823864 0.233118 0.224430 
0.483558 0.141415 0.869757 0.711848 
0.558958 0.102199 0.810028 0.776677 
0.205794 0.335846 0.960814 0.584986 
0.169155 0.491809 0.765835 0.806208 
0.535493 0.663695 0.073975 0.961748 
0.145487 0.991589 0.720082 0.316681 
0.928500 0.609242 0.570988 0.222115 
0.693476 0.125768 0.618589 0.858433 
0.870813 0.876366 0.003531 0.557275 
0.625466 0.383219 0.993714 0.008313 
0.897839 0.094818 0.988505 0.068774 
0.714699 0.352983 0.261843 0.910417 
0.505284 0.688934 0.871690 0.111809 
0.491266 0.818136 0.286545 0.529879 
0.393135 0.882019 0.234303 0.654213 
0.429118 0.515171 0.805534 0.504149 
0.380469 0.301479 0.945237 0.585019 
0.729726 0.059650 0.907021 0.463223 
0.937171 0.310671 0.463438 0.364844 
0.396479 0.534795 0.459069 0.809689 
0.999464 0.270390 0.709572 0.168586 
0.685862 0.038676 0.986029 0.307547 
0.403234 0.438340 0.452628 0.955261 
0.136751 0.518786 0.853833 0.700167 
0.664060 0.282193 0.194976 0.959740 
0.487286 0.824803 0.788546 0.096468 
0.842169 0.416169 0.621649 0.364794 
0.995498 0.512490 0.122118 0.548591 
0.389941 0.542303 0.515616 0.698852 
0.203732 0.950850 0.563065 0.701575 
0.238843 0.399345 0.956659 0.589927 
0.681592 0.307993 0.468524 0.855119 
0.313170 0.955484 0.045460 0.977066 
0.986368 0.452994 0.486302 0.307858 
0.191457 0.635842 0.835683 0.610047 
0.122981 0.493480 0.814413 0.843989 
0.847767 0.095249 0.679490 0.615950 
0.416607 0.137493 0.643131 0.955411 
0.306000 0.979003 0.326935 0.696721 
0.675417 0.328609 0.489686 0.753964 
0.360915 0.501311 0.826267 0.619969 
0.571222 0.749064 0.391293 0.867834 
0.515080 0.623367 0.800764 0.575383 
0.747424 0.284780 0.780700 0.360817 
0.505385 0.786816 0.451768 0.525087 
0.587531 0.781326 0.070663 0.791918 
0.482001 0.786186 0.769207 0.306107 
0.371668 0.583533 0.441060 0.877488 
0.189793 0.983135 0.228730 0.795028 
0.784831 0.501676 0.060429 0.935490 
0.534954 0.038969 0.783086 0.810422 
0.656590 0.690311 0.768780 0.125366 
0.726361 0.311648 0.330317 0.878523 
0.904258 0.769435 0.060081 0.601167 
0.906668 0.010780 0.779412 0.647347 
0.982721 0.163776 0.749411 0.464262 
0.059367 0.801196 0.526839 0.852408 
0.728799 0.765367 0.003048 0.712075 
0.488121 0.666269 0.957960 0.038614 
0.996415 0.246392 0.346817 0.729584 
0.680189 0.239925 0.345241 0.953373 
0.615360 0.142854 0.767653 0.824272 
0.452723 0.591487 0.414724 0.739826 
0.082760 0.145070 0.971216 0.919388 
0.352485 0.324164 0.890456 0.646274 
0.254816 0.860112 0.844663 0.306045 
0.365773 0.386721 0.504655 0.854685 
0.260908 0.943166 0.550291 0.544734 
0.759333 0.609158 0.485656 0.357130 
0.266987 0.329124 0.989666 0.501498 
0.298888 0.911205 0.243054 0.815126 
0.889263 0.105668 0.999882 0.307268 
0.981379 0.401212 0.513175 0.252199 
0.830815 0.818080 0.412704 0.203135 
0.366424 0.976593 0.256431 0.637912 
0.443777 0.464143 0.279222 0.983431 
0.568941 0.862695 0.476972 0.301512 
0.693947 0.201154 0.414244 0.952591 
0.279199 0.808805 0.962239 0.208215 
0.683482 0.666714 0.828197 0.009181 
0.748871 0.818065 0.616835 0.060790 
0.239445 0.729206 0.989258 0.060022 
0.089998 0.992851 0.322074 0.676265 
0.036108 0.969125 0.319261 0.846057 
0.318819 0.930398 0.464522 0.572661 
0.433464 0.822036 0.594555 0.506832 
0.614300 0.830195 0.274276 0.630143 
0.909680 0.969820 0.237053 0.060311 
0.648437 0.868244 0.399022 0.300382 
0.528302 0.511549 0.869975 0.476901 
0.382940 0.864302 0.221323 0.935365 
0.696620 0.884273 0.592095 0.048663 
0.934343 0.285399 0.358000 0.661557 
0.139563 0.688626 0.892263 0.437701 
0.873313 0.380594 0.946654 0.062245 
0.850086 0.340038 0.354332 0.726384 
0.871960 0.429116 0.464100 0.500386 
0.982855 0.319038 0.158544 0.524659 
0.735712 0.655962 0.749960 0.054346 
0.415555 0.796840 0.316977 0.667754 
0.328429 0.348675 0.671289 0.874989 
0.425799 0.296548 0.911511 0.591286 
0.571255 0.855535 0.175677 0.627111 
0.754227 0.810960 0.135274 0.464113 
0.680847 0.511907 0.986126 0.123276 
0.951728 0.012474 0.666735 0.664293 
0.061209 0.751821 0.871201 0.506712 
0.893368 0.212156 0.928036 0.232642 
0.187544 0.549948 0.553161 0.891126 
0.663593 0.618601 0.232047 0.947861 
0.837463 0.689444 0.318954 0.606022 
0.040730 0.765068 0.745588 0.611846 
0.100615 0.988199 0.214492 0.974915 
0.999292 0.352513 0.385773 0.315991 
0.281032 0.630248 0.808000 0.558119 
0.460411 0.950781 0.005162 0.790613 
0.136516 0.609189 0.951122 0.522392 
0.716793 0.098505 0.542956 0.900023 
0.281255 0.674782 0.689180 0.654926 
0.786522 0.015596 0.641121 0.701465 
0.913344 0.659970 0.460932 0.217758 
0.884142 0.161548 0.998879 0.140665 
0.606128 0.976814 0.051609 0.480943 
0.969017 0.588037 0.258939 0.353526 
0.598573 0.057976 0.839565 0.608744 
0.521532 0.055913 0.892749 0.637521 
0.476025 0.790810 0.643162 0.212689 
0.978511 0.728095 0.457989 0.017758 
0.645150 0.908332 0.714664 0.088711 
0.640716 0.970615 0.402046 0.226772 
0.592756 0.205336 0.912460 0.360364 
0.629155 0.328024 0.645934 0.534680 
0.471369 0.326744 0.976285 0.257549 
0.749097 0.832009 0.591911 0.079130 
0.623447 0.552540 0.889894 0.176352 
0.658157 0.005143 0.601178 0.930256 
0.501779 0.963232 0.253381 0.519622 
0.180900 0.057466 0.658208 0.994255 
0.300063 0.478009 0.778723 0.795983 
0.996476 0.696507 0.369050 0.110891 
0.152735 0.977413 0.130965 0.898167 
0.642560 0.073080 0.677989 0.931200 
0.717786 0.611280 0.398435 0.703193 
0.881285 0.443286 0.425654 0.423471 
0.914229 0.892103 0.540364 0.088444 
0.997304 0.246806 0.301099 0.480557 
0.137367 0.986739 0.449134 0.554796 
0.338105 0.498653 0.451697 0.963336 
0.519035 0.438619 0.892899 0.369264 
0.695279 0.421485 0.852087 0.374175 
0.149435 0.820889 0.761141 0.503124 
0.736831 0.552511 0.547092 0.397469 
0.049319 0.762306 0.608902 0.823679 
0.741070 0.480207 0.606416 0.370531 
0.323575 0.540680 0.988094 0.231881 
0.020980 0.918266 0.637340 0.601631 
0.665769 0.349025 0.605343 0.617735 
0.231815 0.617789 0.984417 0.211603 
0.372963 0.793152 0.909778 0.103196 
0.361877 0.941701 0.090157 0.971466 
0.900433 0.400408 0.300632 0.838303 
0.186203 0.646107 0.539352 0.951263 
0.852577 0.954567 0.296315 0.007449 
0.695861 0.048410 0.648480 0.888511 
0.931746 0.576413 0.406739 0.212351 
0.827108 0.344390 0.852946 0.160269 
0.982573 0.062679 0.842891 0.319241 
0.398436 0.388602 0.392831 0.975454 
0.437990 0.942678 0.600558 0.246386 
0.335550 0.521614 0.669007 0.658982 
0.173426 0.664778 0.687684 0.710958 
0.978233 0.070538 0.213346 0.934067 
0.094825 0.937665 0.265965 0.856096 
0.163838 0.730276 0.323854 0.954421 
0.678175 0.788974 0.578442 0.276677 
0.809069 0.238010 0.981384 0.075965 
0.649296 0.865869 0.409238 0.181664 
0.361002 0.201269 0.797889 0.846090 
0.767922 0.572589 0.533672 0.427418 
0.172008 0.548220 0.594397 0.802674 
0.607150 0.720497 0.072727 0.998715 
0.103794 0.804147 0.295817 0.901536 
0.840900 0.634092 0.158187 0.615222 
0.635631 0.472035 0.556964 0.668597 
0.450152 0.208368 0.985482 0.483353 
0.733430 0.268819 0.283672 0.862907 
0.418092 0.763518 0.151690 0.963135 
0.760301 0.494090 0.738617 0.254619 
0.215031 0.542268 0.482696 0.895519 
0.302150 0.316455 0.703654 0.813064 
0.528204 0.961818 0.592956 0.391130 
0.853006 0.444531 0.437150 0.643425 
0.667127 0.203904 0.501877 0.815349 
0.396470 0.683938 0.871795 0.534045 
0.432309 0.601097 0.901302 0.384686 
0.898866 0.187018 0.889886 0.312576 
0.320399 0.322587 0.784550 0.779686 
0.098305 0.574575 0.695392 0.894187 
0.477181 0.999340 0.047954 0.548039 
0.114029 0.961607 0.862164 0.320006 
0.187885 0.647001 0.980806 0.246632 
0.488663 0.643833 0.975433 0.020252 
0.446704 0.662215 0.804795 0.349935 
0.425715 0.741064 0.644598 0.407180 
0.312637 0.775143 0.456394 0.740685 
0.047463 0.782551 0.800334 0.562354 
0.535552 0.831906 0.238392 0.516222 
0.415813 0.837190 0.209775 0.869696 
0.123029 0.956700 0.384620 0.700834 
0.268159 0.606828 0.302222 0.936445 
0.638520 0.020036 0.993513 0.362917 
0.957954 0.652607 0.315621 0.346916 
0.695298 0.902618 0.109478 0.419685 
0.730441 0.186882 0.398311 0.891450 
0.520249 0.248550 0.378487 1.000000 
0.445570 0.220426 0.992587 0.461972 
0.269697 0.528073 0.484868 0.947986 
0.929875 0.286636 0.811324 0.236177 
0.241754 0.261500 0.992135 0.500806 
0.912744 0.317491 0.779465 0.227649 
0.377816 0.777719 0.014724 0.953371 
0.317539 0.643192 0.682092 0.669641 
0.874618 0.873811 0.350131 0.337365 
0.688910 0.183024 0.988851 0.281738 
0.234221 0.240566 0.736276 0.878771 
0.982209 0.223353 0.716428 0.208705 
0.098128 0.632199 0.988345 0.187955 
0.284390 0.871712 0.503962 0.608419 
0.981321 0.456181 0.131223 0.563227 
0.838276 0.131810 0.574264 0.799467 
0.196098 0.518202 0.530225 0.851110 
0.725405 0.465012 0.772899 0.312106 
0.401719 0.743446 0.818932 0.329508 
0.683053 0.456431 0.667507 0.513125 
0.076816 0.781190 0.585587 0.851703 
0.079789 0.798039 0.390260 0.898411 
0.707721 0.281175 0.405098 0.839113 
0.542781 0.295194 0.785520 0.573206 
0.570038 0.534716 0.985606 0.034913 
0.622286 0.310651 0.340161 0.893208 
0.881325 0.080614 0.789468 0.612723 
0.104156 0.964054 0.305994 0.833933 
0.557408 0.876329 0.174845 0.512714 
0.561581 0.029066 0.718489 0.909181 
0.998454 0.132638 0.414454 0.503958 
0.089635 0.417628 0.919976 0.888641 
0.620774 0.494531 0.533310 0.548845 
0.280293 0.830431 0.980423 0.100609 
0.438003 0.986119 0.278460 0.615027 
0.803812 0.608889 0.478031 0.349059 
0.970125 0.641028 0.042621 0.340528 
0.211269 0.600297 0.927546 0.570281 
0.957370 0.589828 0.462253 0.079818 
0.666795 0.592433 0.004908 0.872877 
0.716551 0.488002 0.599030 0.517453 
0.334794 0.553278 0.312451 0.956657 
0.672653 0.795425 0.572771 0.194507 
0.272485 0.930959 0.896216 0.013323 
0.937066 0.414624 0.672382 0.419946 
0.033961 0.778362 0.713383 0.789311 
0.404951 0.465749 0.402058 0.935866 
0.686381 0.461802 0.548978 0.689135 
0.044770 0.922289 0.260530 0.999593 
0.306250 0.879802 0.861017 0.301212 
0.774662 0.542396 0.311579 0.724210 
0.614338 0.154751 0.295153 0.988894 
0.583395 0.401025 0.904500 0.320030 
0.158837 0.821372 0.233898 0.972809 
0.095330 0.588626 0.555101 0.909569 
0.251942 0.381162 0.993801 0.487994 
0.157260 0.534670 0.983829 0.354008 
0.777942 0.014829 0.998208 0.536576 
0.531647 0.834218 0.211028 0.753659 
0.929242 0.396949 0.273360 0.646920 
0.448951 0.556250 0.917317 0.498886 
0.940194 0.165194 0.400741 0.566269 
0.215740 0.586636 0.860194 0.561541 
0.442651 0.407462 0.954859 0.401002 
0.272310 0.689525 0.257699 0.971771 
0.362478 0.616372 0.249275 0.997480 
0.794700 0.114420 0.930703 0.327759 
0.859475 0.432480 0.864619 0.069976 
0.615789 0.526815 0.944184 0.106129 
0.809026 0.337044 0.974228 0.202990 
0.664128 0.548836 0.852336 0.291502 
0.681802 0.415470 0.948481 0.217251 
0.404743 0.202603 0.685103 0.877915 
0.252893 0.237626 0.842144 0.779877 
0.179806 0.344784 0.974821 0.621976 
0.194253 0.772084 0.673237 0.635955 
0.911928 0.146205 0.492072 0.807103 
0.500823 0.499115 0.933413 0.155899 
0.991984 0.719315 0.105205 0.076459 
0.132874 0.897892 0.400046 0.875442 
0.704040 0.710083 0.818337 0.063892 
0.042682 0.999036 0.440346 0.622399 
0.954102 0.231580 0.506899 0.551138 
0.424117 0.653829 0.829397 0.544991 
0.864207 0.667750 0.392894 0.452797 
0.904066 0.086288 0.550045 0.627852 
0.773818 0.009433 0.676022 0.814247 
0.110206 0.304044 0.950047 0.760711 
0.566279 0.676383 0.805545 0.170887 
0.989052 0.152942 0.517117 0.386085 
0.752907 0.479161 0.409454 0.626008 
0.989865 0.674858 0.401569 0.012747 
0.182785 0.599393 0.994206 0.292126 
0.756443 0.756000 0.275955 0.438337 
0.356889 0.108270 0.713515 0.963693 
0.042424 0.642510 0.649949 0.834365 
0.822106 0.724266 0.324766 0.391062 
0.999002 0.623555 0.266941 0.286125 
0.986377 0.401718 0.656097 0.206635 
0.141316 0.999625 0.549336 0.103993 
0.395063 0.454189 0.776689 0.689027 
0.996303 0.367488 0.217818 0.452066 
0.348110 0.821428 0.317586 0.780950 
0.475357 0.815008 0.369385 0.597857 
0.693900 0.486750 0.193666 0.895668 
0.618189 0.179237 0.530243 0.908938 
